[gd_scene load_steps=14 format=3 uid="uid://cbcarb7s7vlip"]

[ext_resource type="Script" path="res://Scripts/DNAView.gd" id="1_3lxgb"]
[ext_resource type="PackedScene" uid="uid://28d7c2hau37f" path="res://Scenes/virus.tscn" id="2_7opqa"]
[ext_resource type="PackedScene" uid="uid://bmyp320n2py1p" path="res://Scenes/baraCuCerc.tscn" id="4_c0igr"]
[ext_resource type="Script" path="res://Scenes/audio_manager.gd" id="4_m41b1"]
[ext_resource type="AudioStream" uid="uid://cm213y3anjrd7" path="res://Assets/SFX/1.wav" id="5_xbo8w"]
[ext_resource type="AudioStream" uid="uid://bo8i6m8c6o37" path="res://Assets/SFX/2.wav" id="7_0xb8b"]
[ext_resource type="AudioStream" uid="uid://db1qoyi4i2ed3" path="res://Assets/SFX/main.wav" id="9_kwnjl"]
[ext_resource type="PackedScene" uid="uid://cc1myi2kgcd2" path="res://Scenes/Sequencer/Main_Game_UI.tscn" id="9_typ40"]

[sub_resource type="PanoramaSkyMaterial" id="PanoramaSkyMaterial_8xubx"]

[sub_resource type="Sky" id="Sky_hhebe"]
sky_material = SubResource("PanoramaSkyMaterial_8xubx")

[sub_resource type="Environment" id="Environment_onm8h"]
background_mode = 2
sky = SubResource("Sky_hhebe")
ambient_light_source = 3
ambient_light_color = Color(0.608634, 0.827709, 0.90809, 1)
glow_enabled = true
glow_intensity = 0.54
glow_strength = 0.93
fog_enabled = true

[sub_resource type="Curve3D" id="Curve3D_w15hm"]
_data = {
"points": PackedVector3Array(0, 0, 0, 0, 0, 0, 18.8286, 0.2042, -18.9317, 0, 0, 0, 0, 0, 0, 3.55603, 0.202564, -0.0833865, 0, 0, 0, 0, 0, 0, -3.09061, 0.0620352, 1.58507, 0, 0, 0, 0, 0, 0, -16.7434, 0.216451, -17.1728, 0, 0, 0, 0, 0, 0, 18.8286, 0.2042, -18.9317),
"tilts": PackedFloat32Array(0, 0, 0, 0, 0)
}
point_count = 5

[sub_resource type="AudioStreamSynchronized" id="AudioStreamSynchronized_6hc1w"]
resource_local_to_scene = true
stream_count = 3
stream_0/stream = ExtResource("9_kwnjl")
stream_0/volume = 0.0
stream_1/stream = ExtResource("5_xbo8w")
stream_1/volume = 0.0
stream_2/stream = ExtResource("7_0xb8b")
stream_2/volume = 0.0

[node name="DnaView" type="Node3D"]
process_mode = 3
script = ExtResource("1_3lxgb")
mob_scene = ExtResource("2_7opqa")
DNA_scene = NodePath("BaraCuCerc")

[node name="Camera3D" type="Camera3D" parent="."]
process_mode = 1
transform = Transform3D(0.985996, -0.00465646, 0.166704, 0, 0.99961, 0.0279216, -0.166769, -0.0275306, 0.985612, 0.877569, 0, 1.65196)
environment = SubResource("Environment_onm8h")

[node name="DirectionalLight3D" type="DirectionalLight3D" parent="."]
process_mode = 1
transform = Transform3D(0.69734, 0, 0.71674, -0.449034, 0.779425, 0.43688, -0.558646, -0.626495, 0.543525, 2.09304, 1.23465, 1.93131)

[node name="BaraCuCerc" parent="." instance=ExtResource("4_c0igr")]
process_mode = 1
transform = Transform3D(1, 0, 0, 0, 1, 0, 0, 0, 1, 0, 2.06308, -17.4369)

[node name="SpawnPath" type="Path3D" parent="."]
process_mode = 1
transform = Transform3D(1, 0, 0, 0, 1, 0, 0, 0, 1, -0.209005, -0.147326, -0.127531)
curve = SubResource("Curve3D_w15hm")

[node name="SpawnLocation" type="PathFollow3D" parent="SpawnPath"]
transform = Transform3D(-0.77693, -4.24557e-05, 0.62955, 0, 0.999988, 6.74375e-05, -0.629537, 5.23958e-05, -0.776946, 18.8286, 0.2042, -18.9317)

[node name="Timer" type="Timer" parent="."]
process_mode = 1
wait_time = 4.616
autostart = true

[node name="AudioManager" type="Node" parent="."]
process_mode = 1
script = ExtResource("4_m41b1")

[node name="Music" type="AudioStreamPlayer" parent="AudioManager"]
stream = SubResource("AudioStreamSynchronized_6hc1w")
autoplay = true

[node name="CanvasLayer" type="CanvasLayer" parent="."]
process_mode = 1

[node name="MainGameUi" parent="CanvasLayer" instance=ExtResource("9_typ40")]

[node name="MobGroup" type="Node" parent="."]
process_mode = 1

[connection signal="timeout" from="Timer" to="." method="_on_timer_timeout"]
